10
12.148
0.908823
0.0477982
1.72964
-0.162901
-0.141802
-1.28366
-1.76561
1.18602
-0.311312
0.908823
12.7693
-1.58249
0.693094
-1.34346
1.05932
-3.24212
-0.512412
0.345731
0.125553
0.0477982
-1.58249
13.2443
1.20389
-0.526837
-2.72046
0.540362
0.969767
-0.653847
0.163421
1.72964
0.693094
1.20389
12.2426
0.255046
2.48753
-2.12026
-2.61092
1.75434
-0.341599
-0.162901
-1.34346
-0.526837
0.255046
10.7075
-2.26068
2.05111
-1.03131
0.690688
-0.383097
-0.141802
1.05932
-2.72046
2.48753
-2.26068
14.39
1.84955
-1.15665
0.784633
-0.629136
-1.28366
-3.24212
0.540362
-2.12026
2.05111
1.84955
7.9795
-5.97257
4.00242
-0.482837
-1.76561
-0.512412
0.969767
-2.61092
-1.03131
-1.15665
-5.97257
11.2479
-0.643231
-0.257689
1.18602
0.345731
-0.653847
1.75434
0.690688
0.784633
4.00242
-0.643231
10.7377
0.171508
-0.311312
0.125553
0.163421
-0.341599
-0.383097
-0.629136
-0.482837
-0.257689
0.171508
18.1556
101.774
149.294
214.302
33.6864
70.9109
147.598
89.3956
-33.4787
172.751
257.842
